	123			1		 3
	345			2		 2
	458			2		 1
	213			3		 4
 	324			1		 3
	458			2		 1
	213			3		 4
 	324			1		 3
	324			1		 3
	123			1		 3
	458			2		 1
	213			3		 4
 	324			1		 3
	458			2		 1
	213			3		 4
 	324			1		 3
	324			1		 3
	123			1		 3
 	324			1		 3
	324			1		 3
	123			1		 3
	458			2		 1
	213			3		 4
 	324			1		 3
	458			2		 1
	458			2		 1
	213			3		 4
 	324			1		 3	
	123			1		 3
	345			2		 2
	458			2		 1
	213			3		 4
 	324			1		 3
	458			2		 1
	213			3		 4
 	324			1		 3
	324			1		 3
	123			1		 3
	458			2		 1
	213			3		 4
 	324			1		 3
	458			2		 1
	213			3		 4
 	324			1		 3
	324			1		 3
	123			1		 3
 	324			1		 3
	324			1		 3
	123			1		 3
	458			2		 1
	213			3		 4
 	324			1		 3
	458			2		 1
	458			2		 1
	213			3		 4
	345			2		 2
	458			2		 1
	213			3		 4
 	324			1		 3
	458			2		 1
	213			3		 4
 	324			1		 3
	324			1		 3
	123			1		 3
	458			2		 1
	213			3		 4
 	324			1		 3
	458			2		 1
	213			3		 4
 	324			1		 3
	324			1		 3
	123			1		 3
 	324			1		 3
	324			1		 3
	123			1		 3
	458			2		 1
	213			3		 4
 	324			1		 3
	458			2		 1
	458			2		 1
	213			3		 4
 	324			1		 3	
	123			1		 3
	345			2		 2
	458			2		 1
	213			3		 4
 	324			1		 3
	458			2		 1
	213			3		 4
 	324			1		 3
	324			1		 3
	123			1		 3
	458			2		 1
	213			3		 4
 	324			1		 3
	458			2		 1
	213			3		 4
 	324			1		 3
